
344 runs -> /Users/srimancherukuru/git/gem5-memory-hierarchy-assignment3/results/summary.csv
run                                insts      cycles    CPI L1D miss% L1D AMAT L2 miss%  DRAM rd DTLB miss% faults
base_default_chase             3,160,920  25,343,157   8.02     81.93    27.88      3.4   17,578      62.17    275
base_default_chase4m           5,126,955 128,992,765  25.16     58.82   113.40     94.5  570,739      51.79  1,091
base_default_hello                 1,401      17,309  12.35      4.67     8.89    100.0       82       0.44      0
base_default_matmul            6,862,544  24,657,977   3.59      6.37     3.90      3.0    3,632       0.01     58
base_default_matmulb           9,102,071  27,171,349   2.99      0.74     2.42     24.4    3,633       0.01     58
base_default_pagewalk          4,025,259  13,331,063   3.31     17.69     6.77      0.8      727      98.98    515
base_default_stream            6,820,444  47,146,867   6.91     12.49    21.52    100.0  196,786       0.26  1,026
base_default_stride            8,766,024  64,970,069   7.41     86.07    24.66      0.3    4,264       0.01     66
l1dassoc_16way_chase           3,160,920  25,343,157   8.02     81.93    27.88      3.4   17,578      62.17    275
l1dassoc_16way_matmul          6,862,544  24,604,419   3.59      6.25     3.87      3.1    3,632       0.01     58
l1dassoc_16way_stream          6,820,444  47,146,867   6.91     12.49    21.52    100.0  196,786       0.26  1,026
l1dassoc_16way_stride          8,766,024  26,570,117   3.03      0.22     2.34     99.6    4,264       0.01     66
l1dassoc_1way_chase            3,160,920  25,343,583   8.02     81.93    27.88      3.4   17,578      62.17    275
l1dassoc_1way_matmul           6,862,544  24,728,133   3.60      6.51     3.94      3.0    3,632       0.01     58
l1dassoc_1way_stream           6,820,444  47,146,867   6.91     12.49    21.52    100.0  196,786       0.26  1,026
l1dassoc_1way_stride           8,766,024  64,970,069   7.41     86.07    24.66      0.3    4,264       0.01     66
l1dassoc_2way_chase            3,160,920  25,343,157   8.02     81.93    27.88      3.4   17,578      62.17    275
l1dassoc_2way_matmul           6,862,544  24,657,977   3.59      6.37     3.90      3.0    3,632       0.01     58
l1dassoc_2way_stream           6,820,444  47,146,867   6.91     12.49    21.52    100.0  196,786       0.26  1,026
l1dassoc_2way_stride           8,766,024  64,970,069   7.41     86.07    24.66      0.3    4,264       0.01     66
l1dassoc_4way_chase            3,160,920  25,343,157   8.02     81.93    27.88      3.4   17,578      62.17    275
l1dassoc_4way_matmul           6,862,544  24,460,993   3.56      5.93     3.78      3.3    3,632       0.01     58
l1dassoc_4way_stream           6,820,444  47,146,867   6.91     12.49    21.52    100.0  196,786       0.26  1,026
l1dassoc_4way_stride           8,766,024  64,970,069   7.41     86.07    24.66      0.3    4,264       0.01     66
l1dassoc_8way_chase            3,160,920  25,343,157   8.02     81.93    27.88      3.4   17,578      62.17    275
l1dassoc_8way_matmul           6,862,544  24,461,481   3.56      5.93     3.79      3.3    3,632       0.01     58
l1dassoc_8way_stream           6,820,444  47,146,867   6.91     12.49    21.52    100.0  196,786       0.26  1,026
l1dassoc_8way_stride           8,766,024  26,570,117   3.03      0.22     2.34     99.6    4,264       0.01     66
l1dsize_128KiB_chase           3,160,920  25,343,157   8.02     81.92    27.88      3.4   17,578      62.17    275
l1dsize_128KiB_matmul          6,862,544  22,446,683   3.27      1.47     2.63     13.1    3,632       0.01     58
l1dsize_128KiB_matmulb         9,102,071  27,043,791   2.97      0.47     2.35     38.1    3,633       0.01     58
l1dsize_128KiB_stream          6,820,444  47,146,867   6.91     12.49    21.52    100.0  196,786       0.26  1,026
l1dsize_128KiB_stride          8,766,024  64,970,069   7.41     86.07    24.66      0.3    4,264       0.01     66
l1dsize_16KiB_chase            3,160,920  25,523,443   8.07     83.12    28.19      3.3   17,578      62.17    275
l1dsize_16KiB_matmul           6,862,544  42,256,967   6.16     45.34    14.03      0.4    3,632       0.01     58
l1dsize_16KiB_matmulb          9,102,071  27,561,889   3.03      1.55     2.63     11.7    3,633       0.01     58
l1dsize_16KiB_stream           6,820,444  47,146,915   6.91     12.49    21.52    100.0  196,786       0.26  1,026
l1dsize_16KiB_stride           8,766,024  64,970,069   7.41     86.07    24.66      0.3    4,264       0.01     66
l1dsize_256KiB_chase           3,160,920  25,339,393   8.02     81.90    27.88      3.4   17,578      62.17    275
l1dsize_256KiB_matmul          6,862,544  21,867,631   3.19      0.19     2.29     99.8    3,632       0.01     58
l1dsize_256KiB_matmulb         9,102,071  26,901,747   2.96      0.18     2.27     99.8    3,633       0.01     58
l1dsize_256KiB_stream          6,820,444  47,146,867   6.91     12.49    21.52    100.0  196,786       0.26  1,026
l1dsize_256KiB_stride          8,766,024  26,569,959   3.03      0.22     2.34     99.8    4,264       0.01     66
l1dsize_32KiB_chase            3,160,920  25,423,923   8.04     82.46    28.02      3.4   17,578      62.17    275
l1dsize_32KiB_matmul           6,862,544  40,203,139   5.86     40.79    12.85      0.5    3,632       0.01     58
l1dsize_32KiB_matmulb          9,102,071  27,296,659   3.00      1.00     2.49     18.1    3,633       0.01     58
l1dsize_32KiB_stream           6,820,444  47,146,867   6.91     12.49    21.52    100.0  196,786       0.26  1,026
l1dsize_32KiB_stride           8,766,024  64,970,069   7.41     86.07    24.66      0.3    4,264       0.01     66
l1dsize_64KiB_chase            3,160,920  25,343,157   8.02     81.93    27.88      3.4   17,578      62.17    275
l1dsize_64KiB_matmul           6,862,544  24,657,977   3.59      6.37     3.90      3.0    3,632       0.01     58
l1dsize_64KiB_matmulb          9,102,071  27,171,349   2.99      0.74     2.42     24.4    3,633       0.01     58
l1dsize_64KiB_stream           6,820,444  47,146,867   6.91     12.49    21.52    100.0  196,786       0.26  1,026
l1dsize_64KiB_stride           8,766,024  64,970,069   7.41     86.07    24.66      0.3    4,264       0.01     66
l1dsize_8KiB_chase             3,160,920  25,607,889   8.10     83.67    28.33      3.3   17,578      62.17    275
l1dsize_8KiB_matmul            6,862,544  44,128,521   6.43     49.48    15.11      0.4    3,632       0.01     58
l1dsize_8KiB_matmulb           9,102,071  28,574,821   3.14      3.66     3.18      5.0    3,633       0.01     58
l1dsize_8KiB_stream            6,820,444  47,146,915   6.91     12.49    21.52    100.0  196,786       0.26  1,026
l1dsize_8KiB_stride            8,766,024  64,970,069   7.41     86.07    24.66      0.3    4,264       0.01     66
l1lat_128KiB-3c_chase          3,160,920  30,866,879   9.77     81.92    30.54      3.4   17,578      62.17    275
l1lat_128KiB-3c_matmul         6,862,544  33,155,161   4.83      1.47     3.67     13.1    3,632       0.01     58
l1lat_128KiB-3c_matmulb        9,102,071  40,249,963   4.42      0.47     3.37     38.1    3,633       0.01     58
l1lat_128KiB-3c_stream         6,820,444  56,279,165   8.25     12.49    23.11    100.0  196,786       0.26  1,026
l1lat_128KiB-4c_chase          3,160,920  36,356,455  11.50     81.92    33.15      3.4   17,578      62.17    275
l1lat_128KiB-4c_matmul         6,862,544  43,795,189   6.38      1.47     4.68     13.1    3,632       0.01     58
l1lat_128KiB-4c_matmulb        9,102,071  53,389,697   5.87      0.47     4.36     38.1    3,633       0.01     58
l1lat_128KiB-4c_stream         6,820,444  64,442,567   9.45     12.49    24.09    100.0  196,786       0.26  1,026
l1lat_256KiB-4c_chase          3,160,920  36,355,733  11.50     81.90    33.14      3.4   17,578      62.17    275
l1lat_256KiB-4c_matmul         6,862,544  43,168,365   6.29      0.19     4.29     99.8    3,632       0.01     58
l1lat_256KiB-4c_matmulb        9,102,071  53,236,525   5.85      0.18     4.27     99.8    3,633       0.01     58
l1lat_256KiB-4c_stream         6,820,444  64,442,567   9.45     12.49    24.09    100.0  196,786       0.26  1,026
l1lat_256KiB-5c_chase          3,160,920  41,899,051  13.26     81.90    35.83      3.4   17,578      62.17    275
l1lat_256KiB-5c_matmul         6,862,544  53,874,747   7.85      0.19     5.32     99.8    3,632       0.01     58
l1lat_256KiB-5c_matmulb        9,102,071  66,459,541   7.30      0.18     5.30     99.8    3,633       0.01     58
l1lat_256KiB-5c_stream         6,820,444  73,366,517  10.76     12.49    25.55    100.0  196,786       0.26  1,026
l1lat_32KiB-2c_chase           3,160,920  25,423,923   8.04     82.46    28.02      3.4   17,578      62.17    275
l1lat_32KiB-2c_matmul          6,862,544  40,203,139   5.86     40.79    12.85      0.5    3,632       0.01     58
l1lat_32KiB-2c_matmulb         9,102,071  27,296,659   3.00      1.00     2.49     18.1    3,633       0.01     58
l1lat_32KiB-2c_stream          6,820,444  47,146,867   6.91     12.49    21.52    100.0  196,786       0.26  1,026
l1lat_64KiB-2c_chase           3,160,920  25,343,157   8.02     81.93    27.88      3.4   17,578      62.17    275
l1lat_64KiB-2c_matmul          6,862,544  24,657,977   3.59      6.37     3.90      3.0    3,632       0.01     58
l1lat_64KiB-2c_matmulb         9,102,071  27,171,349   2.99      0.74     2.42     24.4    3,633       0.01     58
l1lat_64KiB-2c_stream          6,820,444  47,146,867   6.91     12.49    21.52    100.0  196,786       0.26  1,026
l1lat_64KiB-3c_chase           3,160,920  30,866,879   9.77     81.93    30.54      3.4   17,578      62.17    275
l1lat_64KiB-3c_matmul          6,862,544  35,457,451   5.17      6.37     5.04      3.0    3,632       0.01     58
l1lat_64KiB-3c_matmulb         9,102,071  40,383,753   4.44      0.74     3.45     24.4    3,633       0.01     58
l1lat_64KiB-3c_stream          6,820,444  56,279,165   8.25     12.49    23.11    100.0  196,786       0.26  1,026
l2assoc_16way_chase4m          5,126,955 129,008,339  25.16     58.82   113.42     94.5  570,729      51.79  1,091
l2assoc_16way_matmul           6,862,544  24,657,977   3.59      6.37     3.90      3.0    3,632       0.01     58
l2assoc_1way_chase4m           5,126,955 128,931,873  25.15     58.82   113.34     94.5  570,747      51.79  1,091
l2assoc_1way_matmul            6,862,544  24,657,977   3.59      6.37     3.90      3.0    3,632       0.01     58
l2assoc_2way_chase4m           5,126,955 129,023,911  25.17     58.82   113.43     94.6  571,043      51.79  1,091
l2assoc_2way_matmul            6,862,544  24,657,977   3.59      6.37     3.90      3.0    3,632       0.01     58
l2assoc_4way_chase4m           5,126,955 129,008,339  25.16     58.82   113.42     94.6  570,860      51.79  1,091
l2assoc_4way_matmul            6,862,544  24,657,977   3.59      6.37     3.90      3.0    3,632       0.01     58
l2assoc_8way_chase4m           5,126,955 128,992,765  25.16     58.82   113.40     94.5  570,739      51.79  1,091
l2assoc_8way_matmul            6,862,544  24,657,977   3.59      6.37     3.90      3.0    3,632       0.01     58
l2size_1MiB_chase              3,160,920  28,568,535   9.04     81.93    32.98      7.1   36,715      62.17    275
l2size_1MiB_chase4m            5,126,955 129,164,063  25.19     58.82   113.57     94.7  571,713      51.79  1,091
l2size_1MiB_matmul             6,862,544  24,657,977   3.59      6.37     3.90      3.0    3,632       0.01     58
l2size_1MiB_stream             6,820,444  47,107,953   6.91     12.49    21.49    100.0  196,786       0.26  1,026
l2size_256KiB_chase            3,160,920 109,647,803  34.69     81.93   161.10    100.0  518,364      62.17    275
l2size_256KiB_chase4m          5,126,955 129,257,499  25.21     58.82   113.66     94.8  572,445      51.79  1,091
l2size_256KiB_matmul           6,862,544  24,657,977   3.59      6.37     3.90      3.0    3,632       0.01     58
l2size_256KiB_stream           6,820,444  47,069,245   6.90     12.49    21.47    100.0  196,786       0.26  1,026
l2size_2MiB_chase              3,160,920  25,343,157   8.02     81.93    27.88      3.4   17,578      62.17    275
l2size_2MiB_chase4m            5,126,955 128,992,765  25.16     58.82   113.40     94.5  570,739      51.79  1,091
l2size_2MiB_matmul             6,862,544  24,657,977   3.59      6.37     3.90      3.0    3,632       0.01     58
l2size_2MiB_stream             6,820,444  47,146,867   6.91     12.49    21.52    100.0  196,786       0.26  1,026
l2size_4MiB_chase              3,160,920  25,343,157   8.02     81.93    27.88      3.4   17,578      62.17    275
l2size_4MiB_chase4m            5,126,955  45,852,563   8.94     58.82    32.37     15.1   90,886      51.79  1,091
l2size_4MiB_matmul             6,862,544  24,657,977   3.59      6.37     3.90      3.0    3,632       0.01     58
l2size_4MiB_stream             6,820,444  29,875,767   4.38     12.49    10.55     33.4   65,737       0.26  1,026
l2size_512KiB_chase            3,160,920 109,586,947  34.67     81.93   161.01     99.9  518,042      62.17    275
l2size_512KiB_chase4m          5,126,955 129,226,353  25.21     58.82   113.63     94.8  572,173      51.79  1,091
l2size_512KiB_matmul           6,862,544  24,657,977   3.59      6.37     3.90      3.0    3,632       0.01     58
l2size_512KiB_stream           6,820,444  47,078,607   6.90     12.49    21.47    100.0  196,786       0.26  1,026
l2size_8MiB_chase              3,160,920  25,343,157   8.02     81.93    27.88      3.4   17,578      62.17    275
l2size_8MiB_chase4m            5,126,955  42,235,889   8.24     58.82    28.84     11.6   69,802      51.79  1,091
l2size_8MiB_matmul             6,862,544  24,657,977   3.59      6.37     3.90      3.0    3,632       0.01     58
l2size_8MiB_stream             6,820,444  29,871,675   4.38     12.49    10.55     33.4   65,704       0.26  1,026
line_128B_chase                3,160,920  23,548,605   7.45     79.12    25.00      1.8    8,809      62.17    275
line_128B_matmul               6,862,544  23,120,603   3.37      3.43     3.03      2.8    1,832       0.01     58
line_128B_stream               6,820,444  33,726,165   4.94      6.25    12.87    100.0   98,414       0.26  1,026
line_128B_stride               8,766,024  64,709,869   7.38     85.96    24.52      0.1    2,148       0.01     66
line_16B_chase                 3,160,920  25,842,681   8.18     82.43    28.63      4.0   20,969      62.17    275
line_16B_matmul                6,862,544  33,934,349   4.94     23.95     9.16      3.2   14,332       0.01     58
line_16B_stream                6,820,444 135,211,433  19.82     49.96    78.18    100.0  786,934       0.26  1,026
line_16B_stride                8,766,024  66,876,817   7.63     86.73    25.68      1.0   16,864       0.01     66
line_256B_chase                3,160,920  22,661,187   7.17     77.80    23.58      0.9    4,412      62.17    275
line_256B_matmul               6,862,544  22,346,675   3.26      1.96     2.59      2.5      927       0.01     58
line_256B_stream               6,820,444  26,342,241   3.86      3.12     8.12    100.0   49,217       0.26  1,026
line_256B_stride               8,766,024  64,538,377   7.36     85.90    24.43      0.1    1,086       0.01     66
line_32B_chase                 3,160,920  25,512,133   8.07     82.10    28.13      3.6   18,719      62.17    275
line_32B_matmul                6,862,544  27,754,275   4.04     12.23     5.65      3.1    7,205       0.01     58
line_32B_stream                6,820,444  76,573,983  11.23     24.98    40.45    100.0  393,503       0.26  1,026
line_32B_stride                8,766,024  65,631,979   7.49     86.29    25.01      0.5    8,465       0.01     66
line_64B_chase                 3,160,920  25,343,157   8.02     81.93    27.88      3.4   17,578      62.17    275
line_64B_matmul                6,862,544  24,657,977   3.59      6.37     3.90      3.0    3,632       0.01     58
line_64B_stream                6,820,444  47,146,867   6.91     12.49    21.52    100.0  196,786       0.26  1,026
line_64B_stride                8,766,024  64,970,069   7.41     86.07    24.66      0.3    4,264       0.01     66
o3_default_chase               3,160,920  18,240,565   5.77     80.72    27.55      3.4   17,591      61.21  1,335
o3_default_matmul              6,862,544   3,132,196   0.46      7.39     4.21      3.0    3,680       0.04    653
o3_default_stream              6,820,444  18,894,487   2.77     70.76   115.29    100.0  196,802       1.73 24,572
o3_default_stride              8,766,024  12,008,617   1.37     70.38    29.62      0.4    4,274       0.11  1,941
o3_l1d32k8w_chase              3,160,920  18,287,283   5.79     81.26    27.69      3.4   17,591      61.13  1,335
o3_l1d32k8w_matmul             6,862,544   3,189,114   0.46      7.25     4.20      3.0    3,668       0.04    653
o3_l1d32k8w_stream             6,820,444  18,894,487   2.77     70.76   115.29    100.0  196,802       1.73 24,572
o3_l1d32k8w_stride             8,766,024   3,958,881   0.45      0.23     2.34     99.5    4,274       0.11  1,941
o3_pf_chase                    3,160,920  18,090,601   5.72     80.42    27.28      3.2   17,600      61.21  1,335
o3_pf_matmul                   6,862,544   2,861,136   0.42      6.81     3.86      0.3    3,706       0.03    549
o3_pf_stream                   6,820,444   5,970,431   0.88     63.91    47.85     73.9  196,845       1.73 24,571
o3_pf_stride                   8,766,024  11,354,439   1.30     69.90    29.15      0.0    4,280       0.11  1,941
opt_combined_chase             3,160,920  22,955,709   7.26     78.26    24.04      1.1   17,610      62.17    275
opt_combined_chase4m           5,126,955  35,210,869   6.87     57.41    21.97      4.7   87,592      51.79  1,091
opt_combined_matmul            6,862,544  21,386,459   3.12      0.11     2.03      0.3    3,675       0.01     58
opt_combined_matmulb           9,102,071  26,443,313   2.91      0.13     2.04      1.6    3,676       0.01     58
opt_combined_pagewalk          4,025,259  11,217,711   2.79      0.32     2.25     36.2    1,760      98.98    515
opt_combined_stream            6,820,444  17,106,977   2.51      0.22     2.19      1.6   65,936       0.26  1,026
opt_combined_stride            8,766,024  25,960,367   2.96      0.01     2.01      7.4    4,287       0.01     66
opt_line128_chase              3,160,920  22,582,599   7.14     77.57    23.44      0.6    8,829      62.17    275
opt_line128_chase4m            5,126,955  33,103,651   6.46     57.12    19.91      2.5   44,599      51.79  1,091
opt_line128_matmul             6,862,544  28,319,795   4.13     12.74     5.98      0.0    1,867       0.01     58
opt_line128_matmulb            9,102,071  26,478,989   2.91      0.20     2.07      1.4    1,868       0.01     58
opt_line128_pagewalk           4,025,259  24,885,957   6.18     94.55    31.18      0.1    1,637      98.99    515
opt_line128_stream             6,820,444  17,145,317   2.51      0.20     2.22      2.4   33,069       0.26  1,026
opt_line128_stride             8,766,024  25,957,433   2.96      0.01     2.01     11.2    2,162       0.01     66
page_16KiB_chase4m             5,126,955 142,330,733  27.76     58.85   113.46     94.5  570,782      41.34    274
page_16KiB_matmul              6,862,544  24,636,725   3.59      6.25     3.87      3.1    3,632       0.00     15
page_16KiB_pagewalk            4,025,284  20,621,979   5.12      0.12     2.22    100.0      727      60.33    130
page_16KiB_stream              6,820,444  47,707,477   6.99     12.49    21.53    100.0  196,786       0.07    257
page_256KiB_chase4m            5,126,955 129,218,171  25.20     58.85   113.58     94.5  570,776       0.00     19
page_256KiB_matmul             6,862,544  24,719,275   3.60      6.25     3.93      3.1    3,632       0.00      3
page_256KiB_pagewalk           4,025,274  11,230,267   2.79      0.12     2.23    100.0      727       0.00     10
page_256KiB_stream             6,820,444  47,178,013   6.92     12.49    21.52    100.0  196,786       0.00     17
page_2MiB_chase4m              5,126,955 129,187,025  25.20     58.85   113.58     94.5  570,776       0.00      4
page_2MiB_matmul               6,862,544  24,719,275   3.60      6.25     3.93      3.1    3,632       0.00      3
page_2MiB_pagewalk             4,025,274  11,215,555   2.79      0.12     2.23    100.0      727       0.00      3
page_2MiB_stream               6,820,444  47,160,517   6.91     12.49    21.52    100.0  196,786       0.00      3
page_4KiB_chase4m              5,126,955 146,904,261  28.65     58.85   113.18     94.5  570,739      51.79  1,091
page_4KiB_matmul               6,862,544  24,726,897   3.60      6.25     3.87      3.1    3,632       0.01     58
page_4KiB_pagewalk             4,025,259  27,257,513   6.77      0.12     2.20    100.0      727      98.98    515
page_4KiB_stream               6,820,444  49,544,021   7.26     12.49    21.66    100.0  196,786       0.26  1,026
page_64KiB_chase4m             5,126,955 129,384,435  25.24     58.85   113.61     94.5  570,873       0.12     70
page_64KiB_matmul              6,862,544  24,725,015   3.60      6.25     3.93      3.1    3,632       0.00      6
page_64KiB_pagewalk            4,025,260  11,278,039   2.80      0.12     2.23    100.0      727       0.01     34
page_64KiB_stream              6,820,444  47,287,637   6.93     12.49    21.52    100.0  196,786       0.02     65
pagenf_16KiB_chase4m           5,126,955 141,794,835  27.66     58.85   113.47     94.5  570,782      41.34    274
pagenf_16KiB_pagewalk          4,025,284  20,365,193   5.06      0.12     2.23    100.0      727      60.33    130
pagenf_256KiB_chase4m          5,126,955 129,171,453  25.19     58.85   113.58     94.5  570,776       0.00     19
pagenf_256KiB_pagewalk         4,025,274  11,210,459   2.79      0.12     2.23    100.0      727       0.00     10
pagenf_2MiB_chase4m            5,126,955 129,178,203  25.20     58.85   113.58     94.5  570,776       0.00      4
pagenf_2MiB_pagewalk           4,025,274  11,209,569   2.78      0.12     2.23    100.0      727       0.00      3
pagenf_4KiB_chase4m            5,126,955 144,739,739  28.23     58.85   113.20     94.5  570,739      51.79  1,091
pagenf_4KiB_pagewalk           4,025,259  26,229,911   6.52      0.12     2.20    100.0      727      98.98    515
pagenf_64KiB_chase4m           5,126,955 129,247,273  25.21     58.85   113.61     94.5  570,873       0.12     70
pagenf_64KiB_pagewalk          4,025,260  11,211,751   2.79      0.12     2.23    100.0      727       0.01     34
pf_none-none_chase             3,160,920  25,343,157   8.02     81.93    27.88      3.4   17,578      62.17    275
pf_none-none_chase4m           5,126,955 128,992,765  25.16     58.82   113.40     94.5  570,739      51.79  1,091
pf_none-none_matmul            6,862,544  24,657,977   3.59      6.37     3.90      3.0    3,632       0.01     58
pf_none-none_stream            6,820,444  47,146,867   6.91     12.49    21.52    100.0  196,786       0.26  1,026
pf_none-none_stride            8,766,024  64,970,069   7.41     86.07    24.66      0.3    4,264       0.01     66
pf_none-stride_chase           3,160,920  25,211,839   7.98     81.93    27.68      3.2   17,584      62.17    275
pf_none-stride_chase4m         5,126,955 128,167,423  25.00     58.82   112.60     93.6  570,754      51.79  1,091
pf_none-stride_matmul          6,862,544  24,218,399   3.53      6.37     3.66      0.2    3,650       0.01     58
pf_none-stride_stream          6,820,444  22,330,413   3.27     12.49     5.76      2.3  196,805       0.26  1,026
pf_none-stride_stride          8,766,024  64,461,383   7.35     86.07    24.39      0.0    4,270       0.01     66
pf_none-tagged_chase           3,160,920  23,396,001   7.40     81.93    24.82      1.1   17,638      62.17    275
pf_none-tagged_chase4m         5,126,955  93,212,435  18.18     58.82    78.54     59.81,030,111      51.79  1,091
pf_none-tagged_matmul          6,862,544  24,201,483   3.53      6.37     3.66      0.1    3,692       0.01     58
pf_none-tagged_stream          6,820,444  23,093,407   3.39     12.49     6.25      4.4  196,859       0.26  1,026
pf_none-tagged_stride          8,766,024  64,444,229   7.35     86.07    24.38      0.0    4,317       0.01     66
pf_stride-none_chase           3,160,920  25,163,381   7.96     81.62    27.59      3.4   17,584      62.17    275
pf_stride-none_chase4m         5,126,955 127,918,263  24.95     57.94   112.34     94.5  570,750      51.79  1,091
pf_stride-none_matmul          6,862,544  22,139,989   3.23      1.68     2.47      3.0    3,654       0.01     58
pf_stride-none_stream          6,820,444  18,207,697   2.67      0.51     2.90    100.0  196,805       0.26  1,026
pf_stride-none_stride          8,766,024  64,360,493   7.34     85.85    24.33      0.3    4,266       0.01     66
pf_stride-stride_chase         3,160,920  25,163,229   7.96     81.62    27.59      3.2   17,591      62.17    275
pf_stride-stride_chase4m       5,126,955 127,918,263  24.95     57.94   112.34     93.6  570,763      51.79  1,091
pf_stride-stride_matmul        6,862,544  22,141,907   3.23      1.68     2.47      0.3    3,670       0.01     58
pf_stride-stride_stream        6,820,444  17,514,039   2.57      0.23     2.45      6.0  196,821       0.26  1,026
pf_stride-stride_stride        8,766,024  64,363,231   7.34     85.85    24.33      0.0    4,273       0.01     66
pf_tagged-none_chase           3,160,920  22,955,069   7.26     78.21    24.03      1.2   17,603      62.17    275
pf_tagged-none_chase4m         5,126,955  95,206,669  18.57     57.39    80.44     61.11,029,719      51.79  1,091
pf_tagged-none_matmul          6,862,544  21,629,071   3.15      0.61     2.17      2.6    3,659       0.01     58
pf_tagged-none_stream          6,820,444  18,913,201   2.77      0.85     3.35    100.0  196,825       0.26  1,026
pf_tagged-none_stride          8,766,024  64,757,817   7.39     85.85    24.54      0.1    4,286       0.01     66
pfdeg_stride1_matmul           6,862,544  24,215,107   3.53      6.37     3.66      0.2    3,636       0.01     58
pfdeg_stride1_stream           6,820,444  25,117,871   3.68     12.49     7.53      8.3  196,791       0.26  1,026
pfdeg_stride2_matmul           6,862,544  24,215,107   3.53      6.37     3.66      0.2    3,641       0.01     58
pfdeg_stride2_stream           6,820,444  23,103,107   3.39     12.49     6.25      4.4  196,796       0.26  1,026
pfdeg_stride4_matmul           6,862,544  24,218,399   3.53      6.37     3.66      0.2    3,650       0.01     58
pfdeg_stride4_stream           6,820,444  22,330,413   3.27     12.49     5.76      2.3  196,805       0.26  1,026
pfdeg_stride8_matmul           6,862,544  24,220,733   3.53      6.37     3.67      0.2    3,669       0.01     58
pfdeg_stride8_stream           6,820,444  22,266,087   3.26     12.49     5.71      1.7  196,825       0.26  1,026
repl_fifo_chase                3,160,920  25,343,157   8.02     81.93    27.88      3.4   17,578      62.17    275
repl_fifo_chase4m              5,126,955 128,992,765  25.16     58.83   113.40     94.5  570,739      51.79  1,091
repl_fifo_matmul               6,862,544  24,642,599   3.59      6.33     3.89      3.0    3,632       0.01     58
repl_fifo_stride               8,766,024  64,970,069   7.41     86.07    24.66      0.3    4,264       0.01     66
repl_lru_chase                 3,160,920  25,343,157   8.02     81.93    27.88      3.4   17,578      62.17    275
repl_lru_chase4m               5,126,955 128,992,765  25.16     58.82   113.40     94.5  570,739      51.79  1,091
repl_lru_matmul                6,862,544  24,657,977   3.59      6.37     3.90      3.0    3,632       0.01     58
repl_lru_stride                8,766,024  64,970,069   7.41     86.07    24.66      0.3    4,264       0.01     66
repl_nru_chase                 3,160,920  25,343,157   8.02     81.93    27.88      3.4   17,578      62.17    275
repl_nru_chase4m               5,126,955 128,917,527  25.15     58.83   113.33     94.5  570,389      51.79  1,091
repl_nru_matmul                6,862,544  24,659,299   3.59      6.37     3.90      3.0    3,632       0.01     58
repl_nru_stride                8,766,024  64,970,069   7.41     86.07    24.66      0.3    4,264       0.01     66
repl_random_chase              3,160,920  25,343,583   8.02     81.94    27.88      3.4   17,578      62.17    275
repl_random_chase4m            5,126,955 112,448,051  21.93     58.87    97.28     78.6  475,126      51.79  1,091
repl_random_matmul             6,862,544  25,126,475   3.66      7.40     4.17      2.6    3,632       0.01     58
repl_random_stride             8,766,024  64,983,567   7.41     85.40    24.65      0.3    4,264       0.01     66
repl_rrip_chase                3,160,920  25,040,695   7.92     79.94    27.36      3.5   17,578      62.17    275
repl_rrip_chase4m              5,126,955 123,745,903  24.14     58.88   108.29     89.5  540,746      51.79  1,091
repl_rrip_matmul               6,862,544  33,285,143   4.85     25.47     8.87      0.8    3,632       0.01     58
repl_rrip_stride               8,766,024  60,170,135   6.86     75.34    21.87      0.3    4,264       0.01     66
repl_treeplru_chase            3,160,920  25,343,157   8.02     81.93    27.88      3.4   17,578      62.17    275
repl_treeplru_chase4m          5,126,955 128,992,765  25.16     58.82   113.40     94.5  570,742      51.79  1,091
repl_treeplru_matmul           6,862,544  24,657,977   3.59      6.37     3.90      3.0    3,632       0.01     58
repl_treeplru_stride           8,766,024  64,970,069   7.41     86.07    24.66      0.3    4,264       0.01     66
stock_default_chase            3,160,920  25,343,157   8.02     81.93    27.88      3.4   17,578      62.17    275
stock_default_chase4m          5,126,955 128,992,765  25.16     58.82   113.40     94.5  570,739      51.79  1,091
stock_default_hello                1,401      17,309  12.35      4.67     8.89    100.0       82       0.44      0
stock_default_matmul           6,862,544  24,657,977   3.59      6.37     3.90      3.0    3,632       0.01     58
stock_default_matmulb          9,102,071  27,171,349   2.99      0.74     2.42     24.4    3,633       0.01     58
stock_default_pagewalk         4,025,259  13,331,063   3.31     17.69     6.77      0.8      727      98.98    515
stock_default_stream           6,820,444  47,146,867   6.91     12.49    21.52    100.0  196,786       0.26  1,026
stock_default_stride           8,766,024  64,970,069   7.41     86.07    24.66      0.3    4,264       0.01     66
tlb_1024e_chase4m              5,126,955 129,070,629  25.17     58.85   113.40     94.5  570,739       0.26  1,091
tlb_1024e_matmul               6,862,544  24,609,053   3.59      6.25     3.87      3.1    3,632       0.01     58
tlb_1024e_pagewalk             4,025,259  11,230,259   2.79      0.12     2.20    100.0      727       0.21    515
tlb_1024e_stream               6,820,444  47,423,761   6.95     12.49    21.62    100.0  196,786       0.26  1,026
tlb_128e_chase4m               5,126,955 143,741,277  28.04     58.85   113.23     94.5  570,739      48.42  1,091
tlb_128e_matmul                6,862,544  24,609,053   3.59      6.25     3.87      3.1    3,632       0.01     58
tlb_128e_pagewalk              4,025,259  26,229,911   6.52      0.12     2.20    100.0      727      98.98    515
tlb_128e_stream                6,820,444  47,423,761   6.95     12.49    21.62    100.0  196,786       0.26  1,026
tlb_16e_chase4m                5,126,955 146,384,501  28.55     58.85   113.24     94.5  570,739      56.97  1,091
tlb_16e_matmul                 6,862,544  29,887,127   4.36      6.25     3.87      3.1    3,632       9.36     58
tlb_16e_pagewalk               4,025,259  26,229,911   6.52      0.12     2.20    100.0      727      98.98    515
tlb_16e_stream                 6,820,444  47,423,761   6.95     12.49    21.62    100.0  196,786       0.26  1,026
tlb_256e_chase4m               5,126,955 141,706,085  27.64     58.85   113.27     94.5  570,739      41.71  1,091
tlb_256e_matmul                6,862,544  24,609,053   3.59      6.25     3.87      3.1    3,632       0.01     58
tlb_256e_pagewalk              4,025,259  26,229,911   6.52      0.12     2.20    100.0      727      98.98    515
tlb_256e_stream                6,820,444  47,423,761   6.95     12.49    21.62    100.0  196,786       0.26  1,026
tlb_32e_chase4m                5,126,955 145,593,355  28.40     58.85   113.22     94.5  570,739      54.49  1,091
tlb_32e_matmul                 6,862,544  24,611,271   3.59      6.25     3.87      3.1    3,632       0.01     58
tlb_32e_pagewalk               4,025,259  26,229,911   6.52      0.12     2.20    100.0      727      98.98    515
tlb_32e_stream                 6,820,444  47,423,761   6.95     12.49    21.62    100.0  196,786       0.26  1,026
tlb_512e_chase4m               5,126,955 137,511,993  26.82     58.85   113.30     94.5  570,739      27.97  1,091
tlb_512e_matmul                6,862,544  24,609,053   3.59      6.25     3.87      3.1    3,632       0.01     58
tlb_512e_pagewalk              4,025,259  11,233,097   2.79      0.12     2.20    100.0      727       0.22    515
tlb_512e_stream                6,820,444  47,423,761   6.95     12.49    21.62    100.0  196,786       0.26  1,026
tlb_64e_chase4m                5,126,955 144,739,739  28.23     58.85   113.20     94.5  570,739      51.79  1,091
tlb_64e_matmul                 6,862,544  24,609,053   3.59      6.25     3.87      3.1    3,632       0.01     58
tlb_64e_pagewalk               4,025,259  26,229,911   6.52      0.12     2.20    100.0      727      98.98    515
tlb_64e_stream                 6,820,444  47,423,761   6.95     12.49    21.62    100.0  196,786       0.26  1,026
tlb_8e_chase4m                 5,126,955 146,969,963  28.67     58.85   113.26     94.5  570,739      58.81  1,091
tlb_8e_matmul                  6,862,544  29,954,493   4.36      6.25     3.87      3.1    3,632       9.48     58
tlb_8e_pagewalk                4,025,259  26,229,911   6.52      0.12     2.20    100.0      727      98.98    515
tlb_8e_stream                  6,820,444  47,423,761   6.95     12.49    21.62    100.0  196,786       0.26  1,026
tlblat_0c_chase4m              5,126,955 128,992,765  25.16     58.85   113.40     94.5  570,739      51.79  1,091
tlblat_0c_pagewalk             4,025,259  11,198,637   2.78      0.12     2.20    100.0      727      98.98    515
tlblat_0c_stream               6,820,444  47,146,867   6.91     12.49    21.52    100.0  196,786       0.26  1,026
tlblat_100c_chase4m            5,126,955 181,570,313  35.41     58.85   112.80     94.5  570,739      51.79  1,091
tlblat_100c_pagewalk           4,025,259  61,301,023  15.23      0.12     2.20    100.0      727      98.98    515
tlblat_100c_stream             6,820,444  47,600,351   6.98     12.49    21.54    100.0  196,786       0.26  1,026
tlblat_10c_chase4m             5,126,955 134,212,915  26.18     58.85   113.30     94.5  570,739      51.79  1,091
tlblat_10c_pagewalk            4,025,259  16,208,343   4.03      0.12     2.20    100.0      727      98.98    515
tlblat_10c_stream              6,820,444  47,245,917   6.93     12.49    21.56    100.0  196,786       0.26  1,026
tlblat_30c_chase4m             5,126,955 144,739,739  28.23     58.85   113.20     94.5  570,739      51.79  1,091
tlblat_30c_pagewalk            4,025,259  26,229,911   6.52      0.12     2.20    100.0      727      98.98    515
tlblat_30c_stream              6,820,444  47,423,761   6.95     12.49    21.62    100.0  196,786       0.26  1,026
tlblat_60c_chase4m             5,126,955 160,535,157  31.31     58.85   113.04     94.5  570,739      51.79  1,091
tlblat_60c_pagewalk            4,025,259  41,258,755  10.25      0.12     2.20    100.0      727      98.98    515
tlblat_60c_stream              6,820,444  47,434,001   6.95     12.49    21.54    100.0  196,786       0.26  1,026
victim_2way+v8_chase           3,160,920  27,456,050   8.69     81.93    31.22      3.4   17,578      62.17    275
victim_2way+v8_matmul          6,862,544  24,979,950   3.64      6.37     4.07      3.2    3,632       0.01     58
victim_2way+v8_stride          8,766,024  33,008,526   3.77     86.07     7.51     99.6    4,264       0.01     66
victim_2way_chase              3,160,920  25,343,157   8.02     81.93    27.88      3.4   17,578      62.17    275
victim_2way_matmul             6,862,544  24,657,977   3.59      6.37     3.90      3.0    3,632       0.01     58
victim_2way_stride             8,766,024  64,970,069   7.41     86.07    24.66      0.3    4,264       0.01     66
victim_8way_chase              3,160,920  25,343,157   8.02     81.93    27.88      3.4   17,578      62.17    275
victim_8way_matmul             6,862,544  24,461,481   3.56      5.93     3.79      3.3    3,632       0.01     58
victim_8way_stride             8,766,024  26,570,117   3.03      0.22     2.34     99.6    4,264       0.01     66
victim_dm+v16_chase            3,160,920  27,456,050   8.69     81.93    31.22      3.4   17,578      62.17    275
victim_dm+v16_matmul           6,862,544  24,998,026   3.64      6.51     4.08      3.2    3,632       0.01     58
victim_dm+v16_stride           8,766,024  33,008,526   3.77     86.07     7.51     99.6    4,264       0.01     66
victim_dm+v4_chase             3,160,920  27,456,050   8.69     81.93    31.22      3.4   17,578      62.17    275
victim_dm+v4_matmul            6,862,544  25,002,024   3.64      6.51     4.08      3.2    3,632       0.01     58
victim_dm+v4_stride            8,766,024  71,409,044   8.15     86.07    28.12      0.3    4,264       0.01     66
victim_dm+v8_chase             3,160,920  27,456,050   8.69     81.93    31.22      3.4   17,578      62.17    275
victim_dm+v8_matmul            6,862,544  25,000,762   3.64      6.51     4.08      3.2    3,632       0.01     58
victim_dm+v8_stride            8,766,024  33,008,526   3.77     86.07     7.51     99.6    4,264       0.01     66
victim_dm_chase                3,160,920  25,343,583   8.02     81.93    27.88      3.4   17,578      62.17    275
victim_dm_matmul               6,862,544  24,728,133   3.60      6.51     3.94      3.0    3,632       0.01     58
victim_dm_stride               8,766,024  64,970,069   7.41     86.07    24.66      0.3    4,264       0.01     66
wset_1024KiB_chase             3,160,920  25,343,157   8.02     81.93    27.88      3.4   17,578      62.17    275
wset_128KiB_chase              2,587,565  20,630,355   7.97     96.92    27.77      0.5    2,357       0.02     37
wset_16KiB_chase               2,515,897   8,117,417   3.23      0.07     2.10    100.0      457       0.01      7
wset_2048KiB_chase             3,816,299  33,647,985   8.82     71.15    31.80      9.4   51,253      61.20    547
wset_256KiB_chase              2,669,444  21,294,141   7.98     94.33    27.77      0.9    4,533       0.11     71
wset_32KiB_chase               2,526,041   8,189,151   3.24      0.12     2.18    100.0      727       0.01     11
wset_4096KiB_chase             5,126,955 128,992,765  25.16     58.82   113.40     94.5  570,739      51.79  1,091
wset_512KiB_chase              2,833,178  22,650,287   7.99     89.77    27.83      1.7    8,874      45.44    139
wset_64KiB_chase               2,546,543  10,561,789   4.15     18.34     7.08      1.4    1,271       0.01     20
wset_8192KiB_chase             7,748,458 153,542,953  19.82     47.48    86.66     87.7  645,665      40.88  2,179
